# oST version 5.0 parameters


[image]

width
640

height
480

[narrow_stereo]

camera matrix
986.099387 0.000000 351.170541
0.000000 986.223960 227.820914
0.000000 0.000000 1.000000

distortion
0.610411 0.051550 -0.013609 0.030930 0.000000

rectification
1.000000 0.000000 0.000000
0.000000 1.000000 0.000000
0.000000 0.000000 1.000000

projection
1067.583008 0.000000 356.246310 0.000000
0.000000 1072.546265 225.247207 0.000000
0.000000 0.000000 1.000000 0.000000

